00000100000000000000000000000001010000111100101001010111000000110000000000000000000000000000000000000000000000000000000000000000
01000100000000000000000000000001100101011111110010011111000000110000000000000000000000000000000000010110011111011101010000110101
00000100000000000000000000000001010110011000000000001000000000110000000000000000000000000000000000000000000000000000000000000000
01000100000000000000000000000001000011100100111110000010000000110000000000000000000000000000000011001010110010101000111101110001
01000100000000000000000000000001111101010111110011101001000000110000000000000000000000000000000010011010001011111001000010110000
01000100000000000000000000000001101001000001100001000010000000110000000000000000000000000000000001110100111101101011001100100001
01000100000000000000000000000001001001001001001110100001000000110000000000000000000000000000000000110111111100100100001010100110
01000100000000000000000000000001110011110000110100101001000000110000000000000000000000000000000001110101001101001000101101000111
00000100000000000000000000000001001110100100101110000011000000110000000000000000000000000000000000000000000000000000000000000000
01000100000000000000000000000001000101011101111000101110000000110000000000000000000000000000000010010000010111011000001000111111
