11011000001000011111100101001111000010110100111110011101101100110001101100000101000000001111110000010100101111011010101110001010
11000100001001010111101011000100111011101101000101101101100100110011100110101001000000000000000010100011100110111001101111011100
01010110010101011010100100100001000111010010010000100101001100111100111001010001000011110000000000111010111010100100011000110010
00110110011101010100011010111111000111011010001001101110001000110100100000010110000011111111110010001011100111111100000111011101
10101001000101010101000011111111100001110011001100011001110100111000001001110110000011111111110000001111101101010100110010110101
11110011010101000010000100011011100110001001111010100001011000111101000000010010000011110000000000010001100010101000100101001111
10010010010101001101000001001001010110000011010101011011000000111101110111101110000011111111110010000100110100000100010010011100
00010011000101000100111001111010011111000011110000110111001000110000011111000111000000001111110011101100001111101111110110010011
01001001011100000101111110111110001011111001001011101001010000110001101101001111000011110000000000101110101001111001111000110011
00101110000001011000001001110001110000100001010110011101110100111001010101100010000000001111110010111001101100000110111011110100
10111011001001001010110101100110010010110100000111000000001000111111101101110011000000000000000011010001000001110001101011101111
00011101010101010000011001100110100011101111010010110000110100111110000001000011000011111111110001110011101101011110110011000001
11011110011000001000001011110101100010010001110001101010011000110101100100100000000000000000000011011010000110000101111100111100
01110111011100001001110010101111110011100001100010010010010100111111100011001010000011111111110000110101000011100110000111001100
10000100001101001010101111001111010110111010100010001011011000110110011111101010000000001111110010011101000111000111011011011101
11100101011101011110010110100011101100111100100011100000101100111011010110101000000000000000000010110010011000010101111110000001
11110111001001000011111111000100011011001011010010111000100000110100011001100000000011111111110001011011111100111101100100110101
11001011000100010000000001010101110001101010001010100011010100111001110110001111000011111111110011010100000011010110011000101101
10111111010000011111000011011011000010100011001011011000101100110000110011000011000000001111110001100101000011111100011111111000
11011101011101000111000110111100000010010110000001111100001000111010001011100011000011111111110011100111011000110011010111000011
11010100010101000011001001011001101011001011001110001111101100110010010110000011000000001111110000111011111010010010110101111100
01100000001000000000010010010010101110001111100010100010101100111001110111101011000000001111110001000001010101010001000101100100
01111010000101010110001010010000111000011110110001011111100100111011110111010101000011111111110001100000101101000111111010100100
10010100000101001111010010101101100011001010011000010100111100110011010000000000000011111111110011001001011000011011001010110011
01111111001100011100110111001011100110101000000001000001000000111111000001111101000011110000000011100111110111110101011111010010
01100000000100011001111100001000000110001110110000111110000000111011110111000010000000000000000000010010101111001001010100001101
01100100001001011100010000010100101100111010000001101110001100111001001011100101000011111111110000100100100011000100010011000010
00100110010001011111010111100100001100011110011101110000110000111110111010000010000000000000000001111011000011110000110110011011
01111111010100001000101110111100000011111100011101001101001100111000101111001011000000000000000011011110110110000010001001001010
11111001000000001001000100000111010011010001101111010011001100110011011011100100000000001111110010110010111011001010010001110110
10111011001000000011101001011101101011010000000111000110110100110111011110000000000000001111110010101010011101011001001111011011
00101100000101010011001111101011010111011011000011100100101100110100010111110110000011110000000000101011000110101010101110100110
11111111011001000000111110011001000001100011011000111101010100111111011000001011000011111111110000011100010010101000000110101001
11100011010001011100011001110001100000110000100000100000010000110010011111111001000000000000000011110110000001100001111110010000
10011001001100011111101010011010000010001110010011010010111000111101011000000101000000000000000010011001011100011111110101111101
11110010001101011110001010011010011010111100110110101010010000110100101010011110000000000000000010000100110100010000010111011101
11001101001100000101001110001001100111101100001011001110001100110101000110111000000000000000000000011111101101111110001010001110
11000111010001000011000001111100010101011001001111010011011000110000100001100111000000000000000011011100011000000011001000100100
10001000010101000001000011011110101000000000000101101011000100110100111001000100000000001111110011000010011111101100111001101101
00101111000101010100010011000010000111111010000001000011001000110010010011110000000000001111110010001101100010010011111000000000
10111100011100011111101110000011011110110000010101101011000000111100001011000111000011111111110001110100100110010001010110011000
00011111010101000101011110100101111011110111111111011001100100111101011100000001000011110000000001111000101101101111111111000011
00101011001001011110100101000011110110100001001001000110101100111001111010000111000011110000000001100011101010110110010100000010
11111001001100011111101000110110000011000001111000011010111100110001111010011110000011110000000000011011010101111101110001001001
11010010001000001011100001001110111110100010111110000110110000111011110011010101000000001111110000110011100001100001100010000110
11000100010000000001010111010110000000111100011110111101001000110011010111011110000011110000000000011000011001100110011011100111
00111000000001000100101111001011000010001111010000110001110000110101111001010101000011111111110011010010001011110000111001010101
10110110001101010001011010000100010010000001010001001111001100110101001100010000000000000000000010101010010010011011011111101000
01010101010100011111100110100100011011010110000000011100101000111111000100010101000011111111110010011110010101011111101110100000
00101001000101001101110000100011000110111110011101001100110000111101111111001000000011110000000000001101010001001101010101110010
10001000000101011100010111100110101111110100100011000001000000111101000000010000000000000000000011110100100010011001010010101000
11000100011101010001101110100110100111100011100010001010111000110111010001010101000000001111110010000111010001001100110101110010
01011011010001000000101111010110110010110011101000011111111000110011000011000010000011111111110001010100010010001011010101001000
10001011010101001100110010110110111110000010001010111011011100111111101001100011000000001111110010010111111110000111010100111111
11100001011001011101010110011000011000111110100011011011101000110100001101100001000011110000000011101100110110001110010100111111
01100000001101011111001101101111010110010111011111001100101000110000001000100010000011111111110010110110100100000110101100011010
01110111011101000001101000110000110000100010111100101000110000111101101100111100000011111111110000000000000010010111001111101100
01100101001101011001010000101100010001000010100001101100110100110000001011101011000000001111110001110110000001111011100111011010
01110110000001001101110110111101110101110011011011111010010100111101100011101001000000000000000010110110110111000001001010100000
10011000010000010111001110101101000011101011111010010010101100110110000011011111000000001111110000011110110011000010010100010101
10100110010000001001101010100000001111010101010000010111111100111111111010111111000000000000000010001110110010001001110110001000
11011010010001010001101111110110110111101001110101011111110000110110100000001100000011110000000000000110010110000001111100110110
01100000010001011110011101001011101101001000001001000010111100110100101010010110000000001111110001010001101000100000010110111001
10011100011100010100000000111011001001000100000001101111100100110011001001010101000011111111110001110111010000000111110000100011
01010011010100011011110010000101101111111101001011100110111100110100111101101011000011111111110011000110001000011000101111101000
11110010000000000101101110100010110001001101101001001001010100111101000010100110000000000000000010000100110010111010001110111010
00100010010101000110111010011000011110000011100010010010111000111010110101100110000011111111110000100011110011100011001011000100
11010101001000000000001000001000111100100101001110101011010000110010001101000100000000000000000010000001110000000111001100000000
11010110000101000100101000110100100110001001111111000011101000110010111010101110000000001111110010100101100110010110110001101010
00001110011100011011000001100000101100111110111011111010011000110010111010111111000011110000000011111111000000101011111011011001
00101111001000010111011011001000100000010111110101000110001000111010000010000000000011110000000011101101010001000011100111001011
10010101001001001000101010100001100110111110101001011100100000110111101011010101000000001111110001000101111011111011101110011001
10011001000001000011100010000000010010111010110001101011001000110100111001100101000011110000000000110010010101001100011101100001
00000000000100011100101001111011011101100000101111001000011000111000001001100010000011111111110000001011100101101100111111100101
10100111000101001001110111110001110101110001110000110011010000111010001000001010000000000000000011011010101000111110110011100011
00111110010000011111111001101110011111001111000000100110000000110011110100110111000000000000000010011010101110001111011010100001
01101111010000001011001111010111110011111001010010000000101000110100110001110000000000000000000011100000001010000011011000011100
00011000001000011101111010111110100000000100100111000001011100110000101110110011000000000000000010011010111010011110101101101000
11000100011101000110100000001110000011111010110010000010111000111101110010010110000011110000000011001101100111010111010111101000
11010111000000000111001000101101110000101101110101110110111000110000011101100000000000001111110001111011011001000100000100101101
00100011010101001100010110000011010101011011011001111010101100110010010001101010000000000000000011011100011101010011110000100111
11000010010100010010001110100010011011111010010100000001001000111100110110001101000011110000000000100110100110100110100111100011
00011110011100011110001001111010100101100001111111011110101100110100001001110100000011110000000001100011011110101011001111100110
11110101000000011011101100100101110011101010111111111000111000111100001100000010000000000000000000100000010110110110001111010110
10001010000001001111011001000101010110010001101001110000010000110001111110110000000011111111110000101011010000101111000001001001
10110001010100010011011011101111100111101101110000000111101000110101100100011010000011111111110001110011101001011111010011000011
01101111011001010001101011011110100000100100011110001001001000111010001101101010000000001111110000111101110100011011101001100010
01100010001101010110111111000011000100110100110011011110001000111010001100000111000011111111110001001000100001011001000110011011
10010000010101000000001000111101001001011000111000011101111000110100110101011011000000001111110010101010000011000101000000101000
11001101001100010100110010110001001101100100010101110010011000110110100110000010000000001111110001101111000011001101001100010011
11000110011101010011110001001101001111001000110010111000111100111101001011011010000011110000000001110110111111010100010001110010
01110001011100001101110001110110100011001001010101101111010100111010111000010001000011111111110011000010100000111001001011010001
00101000000100010100100010001001000010011101101101001101110000111001001101110010000011111111110000010001110101111101111011011001
10011000010101010010100111110110101011011111100111010100000100110010111101111011000000001111110010000111011011011101000110011000
11001101010100000000010010111110111101100000000110011110010100110110101110100101000000000000000010101001000100111110011010011100
01001110011000000001110011000000000100100001011001011011010000110010101000011101000000000000000010010000100100101000001100110100
01011000000100000110111001000101010011011100011110011111100000110011100111101011000000000000000001111110100000011101001000101111
10011001001000010101000001101000110101111101010110111101010100110001010111011000000011111111110010101100101000110101111100101101
11000011011000010111010010010010110110011110111101011101101000111010001101110011000011110000000001010010110111111101111010100100
11001111001101010000101010000000110001000010001001111000110000111101000101000111000011110000000001011101000010111011010000110100
