00000100000000000000000000000001011001111111001100000000000000110000000000000000000000000000000000000000000000000000000000000000
01000100000000000000000000000001101011100111010110000110000000110000000000000000000000000000000000100100110001010111010010011101
00000100000000000000000000000001111110000010101101000000000000110000000000000000000000000000000000000000000000000000000000000000
00000100000000000000000000000001011000001011110011000011000000110000000000000000000000000000000000000000000000000000000000000000
01000100000000000000000000000001110110001000001000000101000000110000000000000000000000000000000000001111111010111100010011110010
01000100000000000000000000000001011110100011010101110011000000110000000000000000000000000000000010111111101010000101000011010110
01000100000000000000000000000001101001111000110001011111000000110000000000000000000000000000000001010001111010100011001111000011
00000100000000000000000000000001100101011010111000001100000000110000000000000000000000000000000000000000000000000000000000000000
01000100000000000000000000000001011111000000000111000000000000110000000000000000000000000000000011010101111001000110011101110010
01000100000000000000000000000001010100100111010000100101000000110000000000000000000000000000000000111001011000101101000000010010
01000100000000000000000000000001100111110101011011000111000000110000000000000000000000000000000001000001100101110101100011110101
00000100000000000000000000000001100110000101011110001001000000110000000000000000000000000000000000000000000000000000000000000000
00000100000000000000000000000001110001011100101110110011000000110000000000000000000000000000000000000000000000000000000000000000
01000100000000000000000000000001001101010011010100010110000000110000000000000000000000000000000011111111110111100001011101101110
00000100000000000000000000000001010011010011010110110100000000110000000000000000000000000000000000000000000000000000000000000000
00000100000000000000000000000001101100111100000010011101000000110000000000000000000000000000000000000000000000000000000000000000
00000100000000000000000000000001100001101111101011001010000000110000000000000000000000000000000000000000000000000000000000000000
01000100000000000000000000000001110000010110010100111100000000110000000000000000000000000000000000010110001100000101010001000000
01000100000000000000000000000001110110110011000111001000000000110000000000000000000000000000000001110011010011010001100111001111
00000100000000000000000000000001011100111000100001111010000000110000000000000000000000000000000000000000000000000000000000000000
00000100000000000000000000000001111000010011001111001000000000110000000000000000000000000000000000000000000000000000000000000000
01000100000000000000000000000001000101000001100100011010000000110000000000000000000000000000000010001101010101101001001001111010
00000100000000000000000000000001011101111010101010100011000000110000000000000000000000000000000000000000000000000000000000000000
00000100000000000000000000000001001111101111101101110010000000110000000000000000000000000000000000000000000000000000000000000000
01000100000000000000000000000001110111100101010001110100000000110000000000000000000000000000000011101011110111101111101101011001
01000100000000000000000000000001011010010000111011000011000000110000000000000000000000000000000010110111010011101001101000110011
01000100000000000000000000000001111011111010011100110011000000110000000000000000000000000000000011011010000100011011110100010110
01000100000000000000000000000001010100111001000001110000000000110000000000000000000000000000000000000011111110111100011010000101
01000100000000000000000000000001111101011111010101010110000000110000000000000000000000000000000010100000100101100000110001100110
01000100000000000000000000000001111011110011011010001101000000110000000000000000000000000000000011000010110110101101110101010101
01000100000000000000000000000001101101110101010000111011000000110000000000000000000000000000000001100010101100010000101111001101
00000100000000000000000000000001000101010000101000100010000000110000000000000000000000000000000000000000000000000000000000000000
00000100000000000000000000000001001101100111011100100010000000110000000000000000000000000000000000000000000000000000000000000000
00000100000000000000000000000001000001100101111100001101000000110000000000000000000000000000000000000000000000000000000000000000
00000100000000000000000000000001110110101111101100101110000000110000000000000000000000000000000000000000000000000000000000000000
00000100000000000000000000000001001100001001011001011100000000110000000000000000000000000000000000000000000000000000000000000000
01000100000000000000000000000001010011110111010010001001000000110000000000000000000000000000000001001101010111111011110110001111
00000100000000000000000000000001100110101101110101110001000000110000000000000000000000000000000000000000000000000000000000000000
00000100000000000000000000000001000001110001010111100010000000110000000000000000000000000000000000000000000000000000000000000000
01000100000000000000000000000001000001100101001100101011000000110000000000000000000000000000000000010111011100010100000000010110
01000100000000000000000000000001100101010011101010101100000000110000000000000000000000000000000001011111001010110100011111000110
00000100000000000000000000000001100101101000001100011110000000110000000000000000000000000000000000000000000000000000000000000000
01000100000000000000000000000001000111011101111100001111000000110000000000000000000000000000000000111100000001111110010011001000
00000100000000000000000000000001010110110010011010101111000000110000000000000000000000000000000000000000000000000000000000000000
01000100000000000000000000000001101111001111111100011101000000110000000000000000000000000000000000101111001101101100001011011001
01000100000000000000000000000001000001111101101011010100000000110000000000000000000000000000000000111111110001110110011101000101
01000100000000000000000000000001001011011010100010101111000000110000000000000000000000000000000011110111001010000111000101111010
01000100000000000000000000000001011101000010010111110001000000110000000000000000000000000000000010001110111011011100101101110001
00000100000000000000000000000001011111011100100101010010000000110000000000000000000000000000000000000000000000000000000000000000
00000100000000000000000000000001110001101000001111110111000000110000000000000000000000000000000000000000000000000000000000000000
01000100000000000000000000000001000011101100100100000110000000110000000000000000000000000000000010010101010001111010010100110011
00000100000000000000000000000001101001011110000000001111000000110000000000000000000000000000000000000000000000000000000000000000
01000100000000000000000000000001111000111101111110010010000000110000000000000000000000000000000011111100101000001111000100011001
01000100000000000000000000000001010011111101101100110001000000110000000000000000000000000000000000001010110010010001101110100100
01000100000000000000000000000001111010100001011010110010000000110000000000000000000000000000000000000100010010001101110100010010
01000100000000000000000000000001000110100101101011000110000000110000000000000000000000000000000011010110001110010010101011110100
00000100000000000000000000000001101010100001000000111001000000110000000000000000000000000000000000000000000000000000000000000000
00000100000000000000000000000001101010001010010000011011000000110000000000000000000000000000000000000000000000000000000000000000
01000100000000000000000000000001010110111001001111001000000000110000000000000000000000000000000011111101000000100001110100110011
00000100000000000000000000000001010100111011100000010011000000110000000000000000000000000000000000000000000000000000000000000000
01000100000000000000000000000001010000001010110011010001000000110000000000000000000000000000000001011111111110110111000111111110
00000100000000000000000000000001110111100100101100101011000000110000000000000000000000000000000000000000000000000000000000000000
01000100000000000000000000000001000101010101100101001101000000110000000000000000000000000000000000100001100000010101111111010101
01000100000000000000000000000001100101001110001111010010000000110000000000000000000000000000000010011010100100010111011010101101
01000100000000000000000000000001010101110001100110011000000000110000000000000000000000000000000001000000100011011010010110001111
00000100000000000000000000000001010100011000100011011101000000110000000000000000000000000000000000000000000000000000000000000000
01000100000000000000000000000001001000111100101111000010000000110000000000000000000000000000000010011000010010101000111110010110
00000100000000000000000000000001111100111111110100010000000000110000000000000000000000000000000000000000000000000000000000000000
00000100000000000000000000000001011110100110101101000110000000110000000000000000000000000000000000000000000000000000000000000000
00000100000000000000000000000001110101011011110100000001000000110000000000000000000000000000000000000000000000000000000000000000
01000100000000000000000000000001110110010100110110011111000000110000000000000000000000000000000000101000001011010110001001101110
01000100000000000000000000000001111111111110110111111010000000110000000000000000000000000000000001100000100010101010100101000110
01000100000000000000000000000001101001011001111110100000000000110000000000000000000000000000000011010111001101111111001111110000
00000100000000000000000000000001000100101110010110110000000000110000000000000000000000000000000000000000000000000000000000000000
01000100000000000000000000000001011011110010111110001011000000110000000000000000000000000000000011111001010100110110111010111110
00000100000000000000000000000001110000111011000110110000000000110000000000000000000000000000000000000000000000000000000000000000
01000100000000000000000000000001010001010001000011001010000000110000000000000000000000000000000000110000001110001111010101101101
00000100000000000000000000000001111101001001110110001000000000110000000000000000000000000000000000000000000000000000000000000000
01000100000000000000000000000001000100000001011000001101000000110000000000000000000000000000000011101001101100100101110001010000
00000100000000000000000000000001101101011000000111110100000000110000000000000000000000000000000000000000000000000000000000000000
01000100000000000000000000000001010100100111101000001111000000110000000000000000000000000000000000001000111000001011111101101001
01000100000000000000000000000001110001101000110101110010000000110000000000000000000000000000000011110001001111100010001111011100
01000100000000000000000000000001100100111001001111011101000000110000000000000000000000000000000001100110001101011000101001101100
00000100000000000000000000000001100110010111001111101110000000110000000000000000000000000000000000000000000000000000000000000000
00000100000000000000000000000001001000111101110110011001000000110000000000000000000000000000000000000000000000000000000000000000
00000100000000000000000000000001000000001011101010101110000000110000000000000000000000000000000000000000000000000000000000000000
00000100000000000000000000000001001001010100010011110001000000110000000000000000000000000000000000000000000000000000000000000000
00000100000000000000000000000001100001000111000111001100000000110000000000000000000000000000000000000000000000000000000000000000
01000100000000000000000000000001111011101000011111011001000000110000000000000000000000000000000001111101111010001110100110011000
01000100000000000000000000000001011110111001111001001010000000110000000000000000000000000000000000110110110101000101100010100010
01000100000000000000000000000001010100000010000001110000000000110000000000000000000000000000000001110001100110001100101110110000
00000100000000000000000000000001010011100011100001111100000000110000000000000000000000000000000000000000000000000000000000000000
00000100000000000000000000000001110001101000110100001110000000110000000000000000000000000000000000000000000000000000000000000000
00000100000000000000000000000001011101011001111011101011000000110000000000000000000000000000000000000000000000000000000000000000
00000100000000000000000000000001010110000010100101110001000000110000000000000000000000000000000000000000000000000000000000000000
01000100000000000000000000000001011011011101100110111011000000110000000000000000000000000000000011110001110110111000001010101110
00000100000000000000000000000001000011100011011001101110000000110000000000000000000000000000000000000000000000000000000000000000
01000100000000000000000000000001111011011111110010111111000000110000000000000000000000000000000000110110001001001111001100110100
01000100000000000000000000000001010111000110000001001101000000110000000000000000000000000000000011110110110000100100110010110111
01000100000000000000000000000001110010010111110111100100000000110000000000000000000000000000000001011001110010111101100100110000
