01000100000000000000000000000001101110001111001111000101000000110000000000000000000000000000000010010011011111110100000100011011
01000100000000000000000000000001000001010011001111100001000000110000000000000000000000001111000001100101101111011111101001101101
01000100000000000000000000000001001011010000011011000110000000110000000000000000000000001111000010100000001111010000110010100101
01000100000000000000000000000001100011011011110101000101000000110000000000000000000000000000000000000000100100010110011111100110
01000100000000000000000000000001111001110010000000100100000000110000000000000000000000001111000001000111111000000000111111111101
01000100000000000000000000000001001010101111000010001100000000110000000000000000000000000000000011101111011101011110011111000000
00000100000000000000000000000001000101000001111010010001000000110000000000000000000000001111000000000000000000000000000000000000
00000100000000000000000000000001111111010101010000100001000000110000000000000000000000000000000000000000000000000000000000000000
01000100000000000000000000000001000011000011010000011100000000110000000000000000000000001111000010010000111011100100011001001001
01000100000000000000000000000001101111111111110010000101000000110000000000000000000000001111000010100110101011000110110011101011
01000100000000000000000000000001001101000011100011110100000000110000000000000000000000001111000010000111110011010011000100001101
00000100000000000000000000000001000110111111000101011100000000110000000000000000000000001111000000000000000000000000000000000000
00000100000000000000000000000001101100000110111010100001000000110000000000000000000000000000000000000000000000000000000000000000
00000100000000000000000000000001010000110111110111110010000000110000000000000000000000001111000000000000000000000000000000000000
00000100000000000000000000000001110000010010111011000010000000110000000000000000000000001111000000000000000000000000000000000000
00000100000000000000000000000001000101110111001000010011000000110000000000000000000000001111000000000000000000000000000000000000
01100100000000000000000000000001100101001110111101010111000000110000000000000000000000000000000000000000000000000000000000000000
00100100000000000000000000000001110010001011111011111011000000110000000000000000000000000000000001110000010011111001000001111011
01001001000000000000000000000001110111110101100101000000000000110000000000000000000000000000000010100100101101001110110100010001
01000100000000000000000000000001101010010101011000100111000000110000000000000000000000000000000011111111100101111001001111100000
01000100000000000000000000000001001000010000011000010111000000110000000000000000000000000000000010010001010110101000000010101010
01000100000000000000000000000001000010010110111000111111000000110000000000000000000000001111000000001010111010001000110101010010
01000100000000000000000000000001101101111001100110100101000000110000000000000000000000000000000011000100111000111110110101010101
00000100000000000000000000000001011010010000001101101101000000110000000000000000000000000000000000000000000000000000000000000000
01000100000000000000000000000001111001010010101001110101000000110000000000000000000000001111000000101011010000101010011110100101
00000100000000000000000000000001111000010101010011000001000000110000000000000000000000000000000000000000000000000000000000000000
01000100000000000000000000000001110001111110100011110010000000110000000000000000000000001111000011001000011100010001100111010111
01000100000000000000000000000001000000010011110100011000000000110000000000000000000000000000000010100100110101111100001001000010
01000100000000000000000000000001110010011111010111010011000000110000000000000000000000000000000011111001011001010111001111110111
01000100000000000000000000000001101110010010000101001001000000110000000000000000000000000000000001100010001011100000110111101110
01000100000000000000000000000001110010100001110010100001000000110000000000000000000000000000000011111110011101010011011100111010
01000100000000000000000000000001101010011111001000000011000000110000000000000000000000000000000010101101101010001100001110000110
01000100000000000000000000000001011011010010010011101100000000110000000000000000000000000000000001110010101101101000011100110010
01000100000000000000000000000001000110001110010101010011000000110000000000000000000000001111000010001000110010000010100001001010
01000100000000000000000000000001010011000101000011100110000000110000000000000000000000001111000011000010101001010011011011101000
01000100000000000000000000000001100010010001010101011111000000110000000000000000000000000000000010000110100011100011111001000101
00000100000000000000000000000001010100011000000100001011000000110000000000000000000000000000000000000000000000000000000000000000
00000100000000000000000000000001101001010110111111101100000000110000000000000000000000001111000000000000000000000000000000000000
00000100000000000000000000000001000011010101100101110001000000110000000000000000000000001111000000000000000000000000000000000000
00000100000000000000000000000001110001100011010101000111000000110000000000000000000000000000000000000000000000000000000000000000
00000100000000000000000000000001010111001100110110111110000000110000000000000000000000000000000000000000000000000000000000000000
00000100000000000000000000000001101010010111001001010010000000110000000000000000000000000000000000000000000000000000000000000000
00000100000000000000000000000001101001001101010101001010000000110000000000000000000000001111000000000000000000000000000000000000
00000100000000000000000000000001110001001001000010011000000000110000000000000000000000001111000000000000000000000000000000000000
00000100000000000000000000000001011010101101101011001010000000110000000000000000000000001111000000000000000000000000000000000000
00000100000000000000000000000001110001110011001000101000000000110000000000000000000000000000000000000000000000000000000000000000
00000100000000000000000000000001110110111111001011011000000000110000000000000000000000000000000000000000000000000000000000000000
00000100000000000000000000000001011100111100110110101101000000110000000000000000000000001111000000000000000000000000000000000000
00000100000000000000000000000001011010000010011000111011000000110000000000000000000000001111000000000000000000000000000000000000
01000100000000000000000000000001101110100101100001111001000000110000000000000000000000000000000001011001010011111000011101011101
00000100000000000000000000000001011100100001011000111011000000110000000000000000000000000000000000000000000000000000000000000000
01000100000000000000000000000001100111100010010000010100000000110000000000000000000000001111000000010101110111110110101000010001
01000100000000000000000000000001011001101011011110100000000000110000000000000000000000000000000010011101111100101100101110101100
01000100000000000000000000000001111100011111001101010100000000110000000000000000000000001111000001110100100100100101011111110011
00000100000000000000000000000001101010000011000001011110000000110000000000000000000000001111000000000000000000000000000000000000
01000100000000000000000000000001010011000101110111100011000000110000000000000000000000000000000011101000111101111000011011000010
01000100000000000000000000000001011110011010100101011010000000110000000000000000000000001111000010010001000100111000100111111010
00000100000000000000000000000001111111000001000011111001000000110000000000000000000000000000000000000000000000000000000000000000
00000100000000000000000000000001010000110010000100010101000000110000000000000000000000001111000000000000000000000000000000000000
01000100000000000000000000000001110000001100010100010101000000110000000000000000000000000000000001001001100001011101010011011010
01000100000000000000000000000001101001100010100011111001000000110000000000000000000000000000000001110011001110000111111101010011
00000100000000000000000000000001100110000010100001010111000000110000000000000000000000000000000000000000000000000000000000000000
00000011000000000000000000000001001100111000100001101101000000110000000000000000000000001111000000000000000000000000000000000000
00000100000000000000000000000001010111101101101100011011000000110000000000000000000000000000000000000000000000000000000000000000
01000100000000000000000000000001110010100010000110011100000000110000000000000000000000001111000001111111010101111000111001010000
00000100000000000000000000000001011011100111010111011100000000110000000000000000000000000000000000000000000000000000000000000000
01000100000000000000000000000001101100100110100010000001000000110000000000000000000000000000000011111000011110100111010111001001
01000100000000000000000000000001001111000110111000010100000000110000000000000000000000000000000010111001011111010101101101011010
00000100000000000000000000000001011000100111000110101010000000110000000000000000000000001111000000000000000000000000000000000000
00000100000000000000000000000001101011110010011111010011000000110000000000000000000000000000000000000000000000000000000000000000
01000100000000000000000000000001010000001011111101000100000000110000000000000000000000000000000011111000101101000110010000111100
01000100000000000000000000000001010110110101011000111110000000110000000000000000000000000000000010001001011010001000111100001110
00000100000000000000000000000001100101011111011010001100000000110000000000000000000000001111000000000000000000000000000000000000
01000100000000000000000000000001110010111110100111111000000000110000000000000000000000001111000001111111111101001110101011111000
00000100000000000000000000000001000101110000100111001001000000110000000000000000000000000000000000000000000000000000000000000000
00000100000000000000000000000001100110100100000001111101000000110000000000000000000000001111000000000000000000000000000000000000
00000100000000000000000000000001110000111110111110110010000000110000000000000000000000000000000000000000000000000000000000000000
00000100000000000000000000000001010010011101010111010101000000110000000000000000000000000000000000000000000000000000000000000000
00000100000000000000000000000001100101000111111000111101000000110000000000000000000000000000000000000000000000000000000000000000
00000100000000000000000000000001001111110001000001001010000000110000000000000000000000001111000000000000000000000000000000000000
01000100000000000000000000000001101111101101101110001100000000110000000000000000000000001111000001111100101110111001111001100100
00000100000000000000000000000001000001101010100001011000000000110000000000000000000000000000000000000000000000000000000000000000
01000100000000000000000000000001011100101010101110101010000000110000000000000000000000001111000000101001010011101011101111111101
00000100000000000000000000000001111111001110110001111011000000110000000000000000000000001111000000000000000000000000000000000000
00000100000000000000000000000001111110011001100010111100000000110000000000000000000000000000000000000000000000000000000000000000
01000111000000000000000000000001101100000011101101111000000000110000000000000000000000000000000010100110111111000111100101110000
00000100000000000000000000000001000110001100001100100100000000110000000000000000000000001111000000000000000000000000000000000000
01000100000000000000000000000001111101010011010011000100000000110000000000000000000000001111000010001011011000100111110011111001
00000100000000000000000000000001001100110000001110100111000000110000000000000000000000001111000000000000000000000000000000000000
00000100000000000000000000000001011111101001100100100001000000110000000000000000000000001111000000000000000000000000000000000000
01000100000000000000000000000001110000010101001011100011000000110000000000000000000000001111000000101000011011001101100000011101
01000100000000000000000000000001010011010011101110110010000000110000000000000000000000001111000010100111000010101101110011000000
01000100000000000000000000000001111110111100000001101011000000110000000000000000000000000000000011011010011011110111011011001010
00000100000000000000000000000001001000000111110111011110000000110000000000000000000000001111000000000000000000000000000000000000
01000100000000000000000000000001010011110101110000100011000000110000000000000000000000000000000000101110110110110101011010101000
00000100000000000000000000000001110000111110001101001010000000110000000000000000000000001111000000000000000000000000000000000000
01000100000000000000000000000001000101111000110011110000000000110000000000000000000000001111000000100100110001110001110110100110
00000100000000000000000000000001101001110011100000101100000000110000000000000000000000001111000000000000000000000000000000000000
00000100000000000000000000000001010111000101100001100000000000110000000000000000000000000000000000000000000000000000000000000000
00000100000000000000000000000001011111101000011000111111000000110000000000000000000000001111000000000000000000000000000000000000
