01000100000000000000000000000001111101101010100000101101000000110000000000000000000000001111000000100110101111000000101110101000

01000100000000000000000000000001101101110000000100111100000000110000000000000000000000001111000000101100010011010011000000010110

01000100000000000000000000000001111000011111000001100110000000110000000000000000000000001111000000000011101010001100101110010110

00000100000000000000000000000001011010100010111101111010000000110000000000000000000000000000000000000000000000000000000000000000

01000100000000000000000000000001101001111101111010111010000000110000000000000000000000000000000001011010001010000011011100101000

01000100000000000000000000000001111100111011110001011000000000110000000000000000000000000000000010010101100011000101111101000001

00000100000000000000000000000001110000000111100100001010000000110000000000000000000000000000000000000000000000000000000000000000

00000100000000000000000000000001110011110111001100011110000000110000000000000000000000000000000000000000000000000000000000000000

01000100000000000000000000000001110010110101111011000001000000110000000000000000000000000000000011001010010010010111010111010101

00000100000000000000000000000001101010100100111110100100000000110000000000000000000000001111000000000000000000000000000000000000

01000000000000000000000000000001101001001011011000000000000010111101110010010010001110100101000001001000010000000101100111010111

00000000000000000000000000000001111010110000101100000000000010111101110010010010001110100101000000000000000000000000000000000000

01000000000000000000000000000001010101010111101000000000000010110000011010011111011100101110000011101010101000110010001011001101

00000000000000000000000000000001000110001101000000000000000010110000011010011111011100101110000000000000000000000000000000000000

01000000000000000000000000000001110001011101101000000000000010011001111101010101000110101110000011111100010110111010111010100001

00000000000000000000000000000001001110010001101100000000000010011001111101010101000110101110000000000000000000000000000000000000

01000000000000000000000000000001111111101110000100000000000010111110110010001101000101011011000010010100101110111101111010011011

00000000000000000000000000000001101011000111000000000000000010111110110010001101000101011011000000000000000000000000000000000000

01000000000000000000000000000001011011010011101000000000000010101111100000001000111111111110000010100000110010011101100011110001

00000000000000000000000000000001000011101110001100000000000010101111100000001000111111111110000000000000000000000000000000000000

01000000000000000000000000000001100001101010110000000000000001010011111101010001100110011101000011100100101000111101100110001100

00000000000000000000000000000001110111000101110100000000000001010011111101010001100110011101000000000000000000000000000000000000

01000000000000000000000000000001011110111000000000000000000011010000110010111100100000110010000000010011010110001010100001111111

00000000000000000000000000000001000010000111111000000000000011010000110010111100100000110010000000000000000000000000000000000000

01000000000000000000000000000001111110100011100100000000000010010011111111111010001010010001000000110100101100111110100100000001

00000000000000000000000000000001000001111000110000000000000010010011111111111010001010010001000000000000000000000000000000000000

01000000000000000000000000000001110100010011010000000000000001011011101100001110010000011001000000000101001111100111101111111001

00000000000000000000000000000001011111111100010100000000000001011011101100001110010000011001000000000000000000000000000000000000

01000000000000000000000000000001010111011000101100000000000010101010000111001001010110000100000010110101110000110001111111100101

00000000000000000000000000000001101110111000101000000000000010101010000111001001010110000100000000000000000000000000000000000000

01000000000000000000000000000001011110101001001100000000000010010011000010010100110011101001000000110100111000010101111010100110

00000000000000000000000000000001010000100010011000000000000010010011000010010100110011101001000000000000000000000000000000000000

01000000000000000000000000000001011010000110011100000000000010101001111000111000000101100110000010011100001011100010010111001110

00000000000000000000000000000001001100111110111100000000000010101001111000111000000101100110000000000000000000000000000000000000

01000000000000000000000000000001000011001100000000000000000010111011001101010111010110011010000000111010111011001100000101101011

00000000000000000000000000000001010001100110000000000000000010111011001101010111010110011010000000000000000000000000000000000000

01000000000000000000000000000001000010011001011100000000000001011010000001010001101111101111000001111011100111010010111110001010

00000000000000000000000000000001010101110000100100000000000001011010000001010001101111101111000000000000000000000000000000000000

01000000000000000000000000000001010001111111100100000000000001010110000000001101111000100000000000011011011111011011101001000111

00000000000000000000000000000001110011111011001100000000000001010110000000001101111000100000000000000000000000000000000000000000

01000000000000000000000000000001001100001111001000000000000011011011010000100100011000011011000000110001110010101111010000100101

00000000000000000000000000000001001001011000110100000000000011011011010000100100011000011011000000000000000000000000000000000000

01000000000000000000000000000001100001000111000100000000000010010010001011100011110101110011000001110001010100000001000000001111

00000000000000000000000000000001001000111100010100000000000010010010001011100011110101110011000000000000000000000000000000000000

01000000000000000000000000000001010100001100010000000000000010110000001111001001100111000111000000101011011000001111111010011010

00000000000000000000000000000001001110001111011100000000000010110000001111001001100111000111000000000000000000000000000000000000

01000000000000000000000000000001000010101010110000000000000001010110011110101010110011100110000001001110001100101001001011001000

00000000000000000000000000000001000111110001110000000000000001010110011110101010110011100110000000000000000000000000000000000000

01000000000000000000000000000001000010110000000000000000000010101010000010011001110001001011000010111010110111010011000011000110

00000000000000000000000000000001000111101111100100000000000010101010000010011001110001001011000000000000000000000000000000000000

01000000000000000000000000000001100110110100001000000000000010111111000001110010011101101100000000101000111101110001110000111010

00000000000000000000000000000001111111011100110100000000000010111111000001110010011101101100000000000000000000000000000000000000

01000000000000000000000000000001111000011011010000000000000010100000001001001100011010110101000011010110010110011001100011111111

00000000000000000000000000000001111001100000010000000000000010100000001001001100011010110101000000000000000000000000000000000000

01000000000000000000000000000001100011100110111100000000000010110000100110001101001011000000000001001110100000011100101110011100

00000000000000000000000000000001100011111101100100000000000010110000100110001101001011000000000000000000000000000000000000000000

01000000000000000000000000000001000111110101111100000000000001011111110011110101011101010000000010010111110001001111100111111100

00000000000000000000000000000001010010000101001000000000000001011111110011110101011101010000000000000000000000000000000000000000

01000000000000000000000000000001011001010100111100000000000010100011101011110111000110010011000001111101111010001011010101001101

00000000000000000000000000000001110010000111001000000000000010100011101011110111000110010011000000000000000000000000000000000000

01000000000000000000000000000001000101100010011000000000000001010010010010000000111001100001000010101110010000001111001001110100

00000000000000000000000000000001000000000000000000000000000001010010010010000000111001100001000000000000000000000000000000000000

01000000000000000000000000000001111111001000101100000000000010011010000110011010100101101101000011001010010101101110111100100010

00000000000000000000000000000001001011010011110000000000000010011010000110011010100101101101000000000000000000000000000000000000

01000000000000000000000000000001111001011010011100000000000010010001111100000001111011100011000000011001110010011000010011101100

00000000000000000000000000000001010101000010000000000000000010010001111100000001111011100011000000000000000000000000000000000000

01000000000000000000000000000001110111011000000100000000000010110100101111000110001100001110000011100111111011000001010110001000

00000000000000000000000000000001100110111010101100000000000010110100101111000110001100001110000000000000000000000000000000000000

01000000000000000000000000000001011100000001011100000000000010011100100000111101000000100100000000011010011111101111000010011110

00000000000000000000000000000001101110010100101100000000000010011100100000111101000000100100000000000000000000000000000000000000

01000000000000000000000000000001000001010111010000000000000010100011001011000101000111011110000010000010111101111100010110011010

00000000000000000000000000000001100010111110001100000000000010100011001011000101000111011110000000000000000000000000000000000000

01000000000000000000000000000001001110011011010100000000000001010110111100110110111110100101000010111100101111011111101100001100

00000000000000000000000000000001101001010101111100000000000001010110111100110110111110100101000000000000000000000000000000000000

01000000000000000000000000000001100000000101111000000000000010101100100101101100100100010111000010001100010111111101011010011100

00000000000000000000000000000001011110001000111100000000000010101100100101101100100100010111000000000000000000000000000000000000

01000000000000000000000000000001111011011011101100000000000010011100101000010101110011101010000010110110110101001011010011100110

00000000000000000000000000000001011000100111011000000000000010011100101000010101110011101010000000000000000000000000000000000000

01000000000000000000000000000001110011010010111000000000000001011100101111110001100110001010000001111000010000001101011010010000

00000000000000000000000000000001111110101011000000000000000001011100101111110001100110001010000000000000000000000000000000000000

01000000000000000000000000000001010011000111100100000000000010110101101111101001100001100011000000111110001110011110111110010000

00000000000000000000000000000001110011000001111100000000000010110101101111101001100001100011000000000000000000000000000000000000

01000000000000000000000000000001101001011101011000000000000011011001110011001011010011011000000010101100001010000010110011100101

00000000000000000000000000000001111000100001100100000000000011011001110011001011010011011000000000000000000000000000000000000000

01000000000000000000000000000001010011100110111100000000000010101000110110001010111110110111000001101011110001110110001010001101

00000000000000000000000000000001010110100100001000000000000010101000110110001010111110110111000000000000000000000000000000000000

01000000000000000000000000000001010011001001100000000000000010100010100111111011110010000101000001110101100011011100000101101101

00000000000000000000000000000001110111111011101000000000000010100010100111111011110010000101000000000000000000000000000000000000

01000000000000000000000000000001000100101110100100000000000011010001011101110111011100110110000000111100101111010110011101011001

00000000000000000000000000000001010000111110010000000000000011010001011101110111011100110110000000000000000000000000000000000000

01000000000000000000000000000001110010110001011100000000000011010010100001110101111010000000000000111111011111111001000010000000

00000000000000000000000000000001101011010101100000000000000011010010100001110101111010000000000000000000000000000000000000000000

01000000000000000000000000000001111110010100110000000000000001010100100001001100101000001010000011111100100110101001101101001011

00000000000000000000000000000001100011011100110100000000000001010100100001001100101000001010000000000000000000000000000000000000

01000000000000000000000000000001111000111010101100000000000010011100111111010001100111111001000011000011000110000000010111111000

00000000000000000000000000000001011110100010101000000000000010011100111111010001100111111001000000000000000000000000000000000000

01000000000000000000000000000001011010010001110100000000000010111110111110101010010101000000000000011111010010100001000011011101

00000000000000000000000000000001110110001110001100000000000010111110111110101010010101000000000000000000000000000000000000000000

01000000000000000000000000000001011111000000101000000000000010011110110101111010001011001111000001100101101000000000101110000101

00000000000000000000000000000001101001110010100100000000000010011110110101111010001011001111000000000000000000000000000000000000

