00000100000000000000000000000001101011011100100011000101000000110000000000000000000000001111000000000000000000000000000000000000
00000100000000000000000000000001110111000111100011011111000000110000000000000000000000000000000000000000000000000000000000000000
00000100000000000000000000000001011000110100011111000011000000110000000000000000000000001111000000000000000000000000000000000000
01000100000000000000000000000001110011111001000001100110000000110000000000000000000000000000000000010001011110000111000101110101
00000100000000000000000000000001000111000100010111111111000000110000000000000000000000000000000000000000000000000000000000000000
01000100000000000000000000000001101110011010001011001000000000110000000000000000000000001111000011011001011011010110110110000011
01000100000000000000000000000001100100010001011010000111000000110000000000000000000000001111000011100110000100101000001010110011
01000100000000000000000000000001001001101000000001111000000000110000000000000000000000000000000001010000010110001110000001110011
01000100000000000000000000000001000010000010100100000001000000110000000000000000000000001111000010110000100001100011110111010011
00000100000000000000000000000001000110000110111110100110000000110000000000000000000000000000000000000000000000000000000000000000
00000000000000000000000000000001011111100110011100000000000011010000000000000000000000001000000000000000000000000000000000000000
00000000000000000000000000000001110101000001101000000000000011010000000000000000000000001100000000000000000000000000000000000000
00000000000000000000000000000001110101011010001100000000000010100000000000000000000000000010000000000000000000000000000000000000
00000000000000000000000000000001111110111011100100000000000010110000000000000000000000001101000000000000000000000000000000000000
00000000000000000000000000000001101001000001111100000000000010010000000000000000000000000010000000000000000000000000000000000000
00000000000000000000000000000001111010111000001000000000000001010000000000000000000000000010000000000000000000000000000000000000
00000000000000000000000000000001001101000111010000000000000010010000000000000000000000001100000000000000000000000000000000000000
00000000000000000000000000000001110010111011011000000000000010110000000000000000000000001111000000000000000000000000000000000000
00000000000000000000000000000001100000111001011000000000000010010000000000000000000000000101000000000000000000000000000000000000
00000000000000000000000000000001111110011010001000000000000010110000000000000000000000000101000000000000000000000000000000000000
00000000000000000000000000000001100011000010101000000000000010100000000000000000000000000100000000000000000000000000000000000000
00000000000000000000000000000001111101110101001000000000000010110000000000000000000000001111000000000000000000000000000000000000
00000000000000000000000000000001000001100011110000000000000010100000000000000000000000000111000000000000000000000000000000000000
00000000000000000000000000000001101001110011110000000000000010010000000000000000000000000111000000000000000000000000000000000000
00000000000000000000000000000001001011100011011100000000000010110000000000000000000000000011000000000000000000000000000000000000
00000000000000000000000000000001101100001000010100000000000001010000000000000000000000001101000000000000000000000000000000000000
00000000000000000000000000000001111111111000001000000000000010100000000000000000000000001111000000000000000000000000000000000000
00000000000000000000000000000001000110101001000000000000000001010000000000000000000000000000000000000000000000000000000000000000
00000000000000000000000000000001001101100011110100000000000010110000000000000000000000000101000000000000000000000000000000000000
00000000000000000000000000000001110100100010111000000000000001010000000000000000000000001101000000000000000000000000000000000000
00000000000000000000000000000001101101000100001000000000000010010000000000000000000000000001000000000000000000000000000000000000
00000000000000000000000000000001110110101100010100000000000001010000000000000000000000001001000000000000000000000000000000000000
00000000000000000000000000000001110010011100101000000000000010010000000000000000000000000100000000000000000000000000000000000000
00000000000000000000000000000001001111101111011100000000000010110000000000000000000000001110000000000000000000000000000000000000
00000000000000000000000000000001000000011110001100000000000001010000000000000000000000001001000000000000000000000000000000000000
00000000000000000000000000000001101000100100001000000000000001010000000000000000000000000000000000000000000000000000000000000000
00000000000000000000000000000001100100001101111000000000000010100000000000000000000000001010000000000000000000000000000000000000
00000000000000000000000000000001111011101010101100000000000010100000000000000000000000001011000000000000000000000000000000000000
00000000000000000000000000000001000010101100100100000000000010100000000000000000000000001100000000000000000000000000000000000000
00000000000000000000000000000001111000101000100000000000000011010000000000000000000000000100000000000000000000000000000000000000
00000000000000000000000000000001110010011101000100000000000011010000000000000000000000000110000000000000000000000000000000000000
00000000000000000000000000000001000101101101101000000000000010100000000000000000000000000001000000000000000000000000000000000000
00000000000000000000000000000001111101000000100100000000000010100000000000000000000000001110000000000000000000000000000000000000
00000000000000000000000000000001010100111001011000000000000010110000000000000000000000000011000000000000000000000000000000000000
00000000000000000000000000000001101101000111101000000000000001010000000000000000000000000010000000000000000000000000000000000000
00000000000000000000000000000001101101010110011100000000000001010000000000000000000000001010000000000000000000000000000000000000
00000000000000000000000000000001111011100111010100000000000010100000000000000000000000000000000000000000000000000000000000000000
00000000000000000000000000000001011100101110101000000000000011010000000000000000000000000110000000000000000000000000000000000000
00000000000000000000000000000001011111010110010100000000000010100000000000000000000000000001000000000000000000000000000000000000
00000000000000000000000000000001101111101111010100000000000011010000000000000000000000000101000000000000000000000000000000000000
00000000000000000000000000000001100001010100010100000000000010100000000000000000000000000010000000000000000000000000000000000000
00000000000000000000000000000001010000010111001100000000000011010000000000000000000000001100000000000000000000000000000000000000
00000000000000000000000000000001001000101001001000000000000010110000000000000000000000001110000000000000000000000000000000000000
00000000000000000000000000000001101011000111010000000000000011010000000000000000000000001100000000000000000000000000000000000000
00000000000000000000000000000001110110011011011000000000000010010000000000000000000000001010000000000000000000000000000000000000
