01000100000000000000000000000001011111001101100011111010000000110000000000000000000000001111000011110110110110110010001011110101
00000100000000000000000000000001110000011011101100011001000000110000000000000000000000000000000000000000000000000000000000000000
01000100000000000000000000000001001100101000000110111110000000110000000000000000000000001111000000011101001111111110000001011100
00000100000000000000000000000001011010100100001111010111000000110000000000000000000000000000000000000000000000000000000000000000
00000100000000000000000000000001010001011010110111001000000000110000000000000000000000000000000000000000000000000000000000000000
01000100000000000000000000000001111100011011111110111111000000110000000000000000000000000000000011011011110111110110010100111100
00000100000000000000000000000001000110110010101101101100000000110000000000000000000000000000000000000000000000000000000000000000
01000100000000000000000000000001100010010101101010111101000000110000000000000000000000001111000001010010101111111100001010011111
01000100000000000000000000000001010000001010110000011010000000110000000000000000000000000000000011110001110000011010011110101011
01000100000000000000000000000001000010101100001000101110000000110000000000000000000000000000000001010111010011111011011100001010
01000000000000000000000000000001000110101110011100000000000011111111111100011000000010110000000000011011001010010011011101100101
00000000000000000000000000000001010101001001011000000000000000011111111100011000000010110000000000000000000000000000000000000000
01000000000000000000000000000001010111000000100100000000000011110001000101000100011011011011000011000011111110000100001101111010
00000000000000000000000000000001100101010001000100000000000001100001000101000100011011011011000000000000000000000000000000000000
01000000000000000000000000000001111101100111011100000000000010010011010001001010110101000100000010110010000101011001111111101000
00000000000000000000000000000001000110010110011000000000000001010011010001001010110101000100000000000000000000000000000000000000
01000000000000000000000000000001000000100101010000000000000010011111100110010101000111010100000011101111011001000100001100011000
00000000000000000000000000000001111010001111000100000000000000001111100110010101000111010100000000000000000000000000000000000000
01000000000000000000000000000001010101011001011100000000000011000100001001111001011010011111000010100100110110101000001110101011
00000000000000000000000000000001110110000000001000000000000000000100001001111001011010011111000000000000000000000000000000000000
01000000000000000000000000000001001110010001100000000000000001001001100111010010000110110100000010110011100010010101001011000111
00000000000000000000000000000001100000001001111000000000000010111001100111010010000110110100000000000000000000000000000000000000
01000000000000000000000000000001110001010000001000000000000011000010010110101001001010110111000000110011111100001000100110100100
00000000000000000000000000000001101011100100011100000000000011110010010110101001001010110111000000000000000000000000000000000000
01000000000000000000000000000001011000101010000100000000000011010001101011101000011100001001000011111010011110001011111101110111
00000000000000000000000000000001111100011100011100000000000000100001101011101000011100001001000000000000000000000000000000000000
01000000000000000000000000000001001010011101001100000000000000001001101001010001010000101111000001001000111000101001110000000100
00000000000000000000000000000001000010000011000000000000000001111001101001010001010000101111000000000000000000000000000000000000
01000000000000000000000000000001111011111011010000000000000010011010101000100000000111110000000001001111101010101010010111000101
00000000000000000000000000000001101100011001101000000000000000011010101000100000000111110000000000000000000000000000000000000000
01000000000000000000000000000001101001010111100100000000000001000110001111111110010101101100000011100111000111011010101101111000
00000000000000000000000000000001100110011000111000000000000011110110001111111110010101101100000000000000000000000000000000000000
01000000000000000000000000000001000110101010010100000000000011100001101111000111001000100100000010001100010011110101011001010101
00000000000000000000000000000001101011111111000000000000000011100001101111000111001000100100000000000000000000000000000000000000
01000000000000000000000000000001011110111000100100000000000011111110001001010011011101110110000010111101011011000011100111100000
00000000000000000000000000000001110100111111100100000000000010111110001001010011011101110110000000000000000000000000000000000000
01000000000000000000000000000001000011110101100000000000000000001001000011111110110000110000000000111001111110101000000000110101
00000000000000000000000000000001000100100101110000000000000000101001000011111110110000110000000000000000000000000000000000000000
01000000000000000000000000000001111100001101101100000000000010001011011001001000000010001010000011100111111111100101110101000001
00000000000000000000000000000001111101010110100000000000000000111011011001001000000010001010000000000000000000000000000000000000
01000000000000000000000000000001100000111111100000000000000011001111011010111011110010101111000001000101010110100110000101001101
00000000000000000000000000000001111001010111000000000000000001111111011010111011110010101111000000000000000000000000000000000000
01000000000000000000000000000001000000010010111100000000000000011110011011111110000000011010000001110001110011111011000111101111
00000000000000000000000000000001100111111011100000000000000001111110011011111110000000011010000000000000000000000000000000000000
01000000000000000000000000000001010011000001001000000000000010001011011101110110111101101001000001101111111110010101010100100101
00000000000000000000000000000001000110011100011000000000000000011011011101110110111101101001000000000000000000000000000000000000
01000000000000000000000000000001010110010000001000000000000001000101101111110000010101100011000011000000111110111001100001110111
00000000000000000000000000000001000011001100110000000000000010000101101111110000010101100011000000000000000000000000000000000000
01000000000000000000000000000001100010101010001000000000000010110010110010010011111011110000000001000111000101001000101011110001
00000000000000000000000000000001001010100001011100000000000010110010110010010011111011110000000000000000000000000000000000000000
01000000000000000000000000000001010110000100110100000000000000110111101101100101001110100011000000001101011001001101000110011110
00000000000000000000000000000001100010010010100100000000000011010111101101100101001110100011000000000000000000000000000000000000
01000000000000000000000000000001001101100111110000000000000010000101110111110110101010110011000001101110001001010101111011001100
00000000000000000000000000000001011101001011100000000000000010010101110111110110101010110011000000000000000000000000000000000000
01000000000000000000000000000001100110100010011000000000000011110111100100011101000000010000000010010101111000100100000100100110
00000000000000000000000000000001110010101111001000000000000010100111100100011101000000010000000000000000000000000000000000000000
01000000000000000000000000000001111011100100000000000000000000010001101101011000101111000001000011000111111011111010010111101011
00000000000000000000000000000001000100110111101000000000000001000001101101011000101111000001000000000000000000000000000000000000
01000000000000000000000000000001100111011010100000000000000001010101101000011001101100010011000000100000000101110101111101000100
00000000000000000000000000000001001101111000101000000000000010010101101000011001101100010011000000000000000000000000000000000000
01000000000000000000000000000001101110001101111100000000000001011100010111110111111101010101000011111011010010001111001100001101
00000000000000000000000000000001110110101001001100000000000000111100010111110111111101010101000000000000000000000000000000000000
01000000000000000000000000000001110100010110111100000000000011111110000001101101001011011110000010001110101100011110000001001001
00000000000000000000000000000001110111110010000100000000000001011110000001101101001011011110000000000000000000000000000000000000
01000000000000000000000000000001001111000000101100000000000001100011010010010110110100001010000010100001101101111011101111010001
00000000000000000000000000000001000110101100100100000000000000000011010010010110110100001010000000000000000000000000000000000000
01000000000000000000000000000001101111101110001100000000000000011000001111101110011011100001000001011000101001110011110100001011
00000000000000000000000000000001001101110111100100000000000001001000001111101110011011100001000000000000000000000000000000000000
01000000000000000000000000000001011000101011100000000000000001000001001110010101011100001101000010110001010010000110100111000101
00000000000000000000000000000001011000011110001100000000000010000001001110010101011100001101000000000000000000000000000000000000
01000000000000000000000000000001101101001111011000000000000001100111111100100010010001001011000011000000000001100111001101000000
00000000000000000000000000000001010110010111100000000000000000110111111100100010010001001011000000000000000000000000000000000000
01000000000000000000000000000001101001101000000100000000000001000101011010001011111010101001000001111111110101101000100100101111
00000000000000000000000000000001001110010101110000000000000010000101011010001011111010101001000000000000000000000000000000000000
01000000000000000000000000000001110101011101110100000000000011101001000000111110100000110001000011101011100001001001001010100001
00000000000000000000000000000001110010010010111000000000000011001001000000111110100000110001000000000000000000000000000000000000
01000000000000000000000000000001101110111011111100000000000001111010101000110110000010100110000001100110110110110111100101000001
00000000000000000000000000000001111101100111110100000000000000011010101000110110000010100110000000000000000000000000000000000000
01000000000000000000000000000001101101001010001000000000000010111010010011111110010001101100000001100000000011100010000010000010
00000000000000000000000000000001101010111000011000000000000000001010010011111110010001101100000000000000000000000000000000000000
01000000000000000000000000000001010110100001010000000000000000000110000100001001111110000001000011100100001010100011100101001110
00000000000000000000000000000001011011111110101000000000000001110110000100001001111110000001000000000000000000000000000000000000
01000000000000000000000000000001100001010110010100000000000001101001100011011001100010000110000010110001011110101111001001111100
00000000000000000000000000000001110101010010110100000000000000011001100011011001100010000110000000000000000000000000000000000000
01000000000000000000000000000001010001101100011000000000000010011111100111000011100011110100000011001110101001010011000011001110
00000000000000000000000000000001100000111011000000000000000010101111100111000011100011110100000000000000000000000000000000000000
01000000000000000000000000000001101001000010011100000000000000000110110101111010100000000111000011000001010000110110000111011010
00000000000000000000000000000001111000010101010000000000000000000110110101111010100000000111000000000000000000000000000000000000
01000000000000000000000000000001011010000110101000000000000010000001001101101011011011101011000001010000000100011010101100100111
00000000000000000000000000000001100101111010001100000000000010100001001101101011011011101011000000000000000000000000000000000000
01000000000000000000000000000001011110101100111000000000000000101101011000101001110110101110000010000000001000111000101011110100
00000000000000000000000000000001010101100011111100000000000011101101011000101001110110101110000000000000000000000000000000000000
01000000000000000000000000000001110001010001000000000000000000111101001010010111111100100010000001011111101010100001100000011010
00000000000000000000000000000001111100001001101000000000000010011101001010010111111100100010000000000000000000000000000000000000
01000000000000000000000000000001101011100001100100000000000001100100010101111100110100011111000001011100100000001101110011101100
00000000000000000000000000000001110001100100100100000000000000100100010101111100110100011111000000000000000000000000000000000000
01000000000000000000000000000001011100000101011000000000000000011010001100001011000011011111000010011011101010000010111001111001
00000000000000000000000000000001000010110000100100000000000001011010001100001011000011011111000000000000000000000000000000000000
01000000000000000000000000000001100010000001100100000000000001111001001110100101110101010010000000101010100101000111011001011001
00000000000000000000000000000001101001101000001100000000000000011001001110100101110101010010000000000000000000000000000000000000
