00000100000000000000000000000001101011011100100011000101000000110000000000000000000000001111000000000000000000000000000000000000
00000100000000000000000000000001110111000111100011011111000000110000000000000000000000000000000000000000000000000000000000000000
00000100000000000000000000000001011000110100011111000011000000110000000000000000000000001111000000000000000000000000000000000000
01000100000000000000000000000001110011111001000001100110000000110000000000000000000000000000000000010001011110000111000101110101
00000100000000000000000000000001000111000100010111111111000000110000000000000000000000000000000000000000000000000000000000000000
01000100000000000000000000000001101110011010001011001000000000110000000000000000000000001111000011011001011011010110110110000011
01000100000000000000000000000001100100010001011010000111000000110000000000000000000000001111000011100110000100101000001010110011
01000100000000000000000000000001001001101000000001111000000000110000000000000000000000000000000001010000010110001110000001110011
01000100000000000000000000000001000010000010100100000001000000110000000000000000000000001111000010110000100001100011110111010011
00000100000000000000000000000001000110000110111110100110000000110000000000000000000000000000000000000000000000000000000000000000
01000000000000000000000000000001110111110111010000000000000011010000000000000000000000001000000010001111001011110001010110011000
00000000000000000000000000000001011111100110011100000000000011010000000000000000000000001000000000000000000000000000000000000000
01000000000000000000000000000001010111101011011000000000000011010000000000000000000000001100000010001110110101000000011000100111
00000000000000000000000000000001110101000001101000000000000011010000000000000000000000001100000000000000000000000000000000000000
01000000000000000000000000000001100110101010101100000000000010100000000000000000000000000010000001010001100010000101101011011110
00000000000000000000000000000001110101011010001100000000000010100000000000000000000000000010000000000000000000000000000000000000
01000000000000000000000000000001011011100110101000000000000010110000000000000000000000001101000000100011100110001010010101101000
00000000000000000000000000000001111110111011100100000000000010110000000000000000000000001101000000000000000000000000000000000000
01000000000000000000000000000001111111011110010100000000000010010000000000000000000000000010000011110011011010011000010101001011
00000000000000000000000000000001101001000001111100000000000010010000000000000000000000000010000000000000000000000000000000000000
01000000000000000000000000000001011001100001110100000000000001010000000000000000000000000010000001110011011111101111101001001010
00000000000000000000000000000001111010111000001000000000000001010000000000000000000000000010000000000000000000000000000000000000
01000000000000000000000000000001001111110001000000000000000010010000000000000000000000001100000000000110011101010010101000111011
00000000000000000000000000000001001101000111010000000000000010010000000000000000000000001100000000000000000000000000000000000000
01000000000000000000000000000001101010101100001000000000000010110000000000000000000000001111000011000101101110111101111001001011
00000000000000000000000000000001110010111011011000000000000010110000000000000000000000001111000000000000000000000000000000000000
01000000000000000000000000000001110011110001101100000000000010010000000000000000000000000101000001010001010111010000001110110101
00000000000000000000000000000001100000111001011000000000000010010000000000000000000000000101000000000000000000000000000000000000
01000000000000000000000000000001000111000110100100000000000010110000000000000000000000000101000011110110000011000110001101100011
00000000000000000000000000000001111110011010001000000000000010110000000000000000000000000101000000000000000000000000000000000000
01000000000000000000000000000001000110111000111000000000000010100000000000000000000000000100000000000100101110101011111010000011
00000000000000000000000000000001100011000010101000000000000010100000000000000000000000000100000000000000000000000000000000000000
01000000000000000000000000000001110110001000100100000000000010110000000000000000000000001111000010010001101000001111001011100100
00000000000000000000000000000001111101110101001000000000000010110000000000000000000000001111000000000000000000000000000000000000
01000000000000000000000000000001101110001111011100000000000010100000000000000000000000000111000001101000111101101100000110010000
00000000000000000000000000000001000001100011110000000000000010100000000000000000000000000111000000000000000000000000000000000000
01000000000000000000000000000001111100101101000000000000000010010000000000000000000000000111000000111110000010110100111011100111
00000000000000000000000000000001101001110011110000000000000010010000000000000000000000000111000000000000000000000000000000000000
01000000000000000000000000000001000101111101110100000000000010110000000000000000000000000011000000110010001000010000011010111101
00000000000000000000000000000001001011100011011100000000000010110000000000000000000000000011000000000000000000000000000000000000
01000000000000000000000000000001000010111010100000000000000001010000000000000000000000001101000011001000100000011100101001100001
00000000000000000000000000000001101100001000010100000000000001010000000000000000000000001101000000000000000000000000000000000000
01000000000000000000000000000001001000011100011000000000000010100000000000000000000000001111000000100000110101000110000111010011
00000000000000000000000000000001111111111000001000000000000010100000000000000000000000001111000000000000000000000000000000000000
01000000000000000000000000000001000101001100001000000000000001010000000000000000000000000000000000001100000011001100101100100010
00000000000000000000000000000001000110101001000000000000000001010000000000000000000000000000000000000000000000000000000000000000
01000000000000000000000000000001010010110010111000000000000010110000000000000000000000000101000001011000011011100101010000111000
00000000000000000000000000000001001101100011110100000000000010110000000000000000000000000101000000000000000000000000000000000000
01000000000000000000000000000001110101000100010100000000000001010000000000000000000000001101000011011010100000110011101100001111
00000000000000000000000000000001110100100010111000000000000001010000000000000000000000001101000000000000000000000000000000000000
01000000000000000000000000000001001100100000111100000000000010010000000000000000000000000001000000101111000100100001101010101110
00000000000000000000000000000001101101000100001000000000000010010000000000000000000000000001000000000000000000000000000000000000
01000000000000000000000000000001100001000001101000000000000001010000000000000000000000001001000001011111101110011100111010010110
00000000000000000000000000000001110110101100010100000000000001010000000000000000000000001001000000000000000000000000000000000000
01000000000000000000000000000001111110010101110000000000000010010000000000000000000000000100000001000010101001001110100111110101
00000000000000000000000000000001110010011100101000000000000010010000000000000000000000000100000000000000000000000000000000000000
01000000000000000000000000000001110011010001111100000000000010110000000000000000000000001110000000100110111001011011110111101110
00000000000000000000000000000001001111101111011100000000000010110000000000000000000000001110000000000000000000000000000000000000
01000000000000000000000000000001011010010110001100000000000001010000000000000000000000001001000001110100000010001100010101001010
00000000000000000000000000000001000000011110001100000000000001010000000000000000000000001001000000000000000000000000000000000000
01000000000000000000000000000001010010100100001000000000000001010000000000000000000000000000000011001101011111011010010101000110
00000000000000000000000000000001101000100100001000000000000001010000000000000000000000000000000000000000000000000000000000000000
01000000000000000000000000000001101011011000101100000000000010100000000000000000000000001010000011101100111001010100100101000100
00000000000000000000000000000001100100001101111000000000000010100000000000000000000000001010000000000000000000000000000000000000
01000000000000000000000000000001111101101000111100000000000010100000000000000000000000001011000011110011110011001001011111010110
00000000000000000000000000000001111011101010101100000000000010100000000000000000000000001011000000000000000000000000000000000000
01000000000000000000000000000001111011001110001100000000000010100000000000000000000000001100000011000100001110000110100011111111
00000000000000000000000000000001000010101100100100000000000010100000000000000000000000001100000000000000000000000000000000000000
01000000000000000000000000000001101111100110101100000000000011010000000000000000000000000100000001010101110010101010001011100001
00000000000000000000000000000001111000101000100000000000000011010000000000000000000000000100000000000000000000000000000000000000
01000000000000000000000000000001101111010110110000000000000011010000000000000000000000000110000010111011011011001011110010010010
00000000000000000000000000000001110010011101000100000000000011010000000000000000000000000110000000000000000000000000000000000000
01000000000000000000000000000001011011100101000100000000000010100000000000000000000000000001000001100000111111110100101100010001
00000000000000000000000000000001000101101101101000000000000010100000000000000000000000000001000000000000000000000000000000000000
01000000000000000000000000000001111111101001001100000000000010100000000000000000000000001110000010100011110010011111110010011001
00000000000000000000000000000001111101000000100100000000000010100000000000000000000000001110000000000000000000000000000000000000
01000000000000000000000000000001110001110001110000000000000010110000000000000000000000000011000000001001110010111110101011111011
00000000000000000000000000000001010100111001011000000000000010110000000000000000000000000011000000000000000000000000000000000000
01000000000000000000000000000001100111011000111100000000000001010000000000000000000000000010000010101110001010100011110110011000
00000000000000000000000000000001101101000111101000000000000001010000000000000000000000000010000000000000000000000000000000000000
01000000000000000000000000000001010111010011010100000000000001010000000000000000000000001010000011110101011111011110101110001010
00000000000000000000000000000001101101010110011100000000000001010000000000000000000000001010000000000000000000000000000000000000
01000000000000000000000000000001011110110100100000000000000010100000000000000000000000000000000001100010001001000111001101111100
00000000000000000000000000000001111011100111010100000000000010100000000000000000000000000000000000000000000000000000000000000000
01000000000000000000000000000001010110111001100000000000000011010000000000000000000000000110000011001101001001010110010000101100
00000000000000000000000000000001011100101110101000000000000011010000000000000000000000000110000000000000000000000000000000000000
01000000000000000000000000000001101111000011101100000000000010100000000000000000000000000001000010011101110110111000001001111010
00000000000000000000000000000001011111010110010100000000000010100000000000000000000000000001000000000000000000000000000000000000
01000000000000000000000000000001000111100101110000000000000011010000000000000000000000000101000010111011111011100100101001100010
00000000000000000000000000000001101111101111010100000000000011010000000000000000000000000101000000000000000000000000000000000000
01000000000000000000000000000001100101110010111100000000000010100000000000000000000000000010000011100000001100101100111000110011
00000000000000000000000000000001100001010100010100000000000010100000000000000000000000000010000000000000000000000000000000000000
01000000000000000000000000000001101011101111110100000000000011010000000000000000000000001100000001110111011100100100111100001110
00000000000000000000000000000001010000010111001100000000000011010000000000000000000000001100000000000000000000000000000000000000
01000000000000000000000000000001100010001101000100000000000010110000000000000000000000001110000001101001101100000001101101001011
00000000000000000000000000000001001000101001001000000000000010110000000000000000000000001110000000000000000000000000000000000000
01000000000000000000000000000001100011000111010000000000000011010000000000000000000000001100000011000011101110011101001100001101
00000000000000000000000000000001101011000111010000000000000011010000000000000000000000001100000000000000000000000000000000000000
01000000000000000000000000000001111101110010000100000000000010010000000000000000000000001010000010000111000011100001110010100111
00000000000000000000000000000001110110011011011000000000000010010000000000000000000000001010000000000000000000000000000000000000
