00001010000000000000000000000001000000100000101000000000000001000111110011011000111110100000000000000000000000000000000000000000 
01001010000000000000000000000001000000100000101000000000000001001100000110111011000110010000000000000000000100000000000000000110 
00001010000000000000000000000001000000100000101000000000000001000011001010000001101111100000000000000000000000000000000000000000 
01001010000000000000000000000001000000100000101000000000000001000110101001000011110101110000000011000000100000000000000001000000 
01001010000000000000000000000001000000100000101000000000000001000100010110101101110010000000000000011101001111110000000000000000 
00001010000000000000000000000001000000100000101000000000000001001111000110111111101111110000000000000000000000000000000000000000 
01001010000000000000000000000001000000100000101000000000000001000001101100101011011011000000000011111111111111111100000000000000 
00001010000000000000000000000001000000100000101000000000000001001000100101011010101111010000000000000000000000000000000000000000 
00001010000000000000000000000001000000100000101000000000000001000100000010101100000110100000000000000000000000000000000000000000 
00001010000000000000000000000001000000100000101000000000000001000000101011000010001011100000000000000000000000000000000000000000 
00001010000000000000000000000001000000100000101000000000000001000001101011100111000000000000000000000000000000000000000000000000 
01001010000000000000000000000001000000100000101000000000000001000101010010010110000000000000000000000000000000000000000000000000 
00001010000000000000000000000001000000100000101000000000000001000101110000001001000000000000000000000000000000000000000000000000 
01001010000000000000000000000001000000100000101000000000000001001001010100010001000000000000000000000000000000000000000000000000 
00001010000000000000000000000001000000100000101000000000000001001111011001110111000000000000000000000000000000000000000000000000 
01001010000000000000000000000001000000100000101000000000000001000001100101100110000000000000000000000000000000000000000000000000 
00001010000000000000000000000001000000100000101000000000000001000000001001010100000000000000000000000000000000000000000000000000 
01001010000000000000000000000001000000100000101000100000000001001110100011110001000000000000000000000000000000000000000000000000 
00001010000000000000000000000001000000100000101000000000000001000101010110010111000000000000000000000000000000000000000000000000 
01001010000000000000000000000001000000100000101000100000000001001101100000000010000000000000000000000000000000000000000000000000 
00001010000000000000000000000001000000100000101000000000000001000011100100011000000000000000000000000000000000000000000000000000 
01001010000000000000000000000001000000100000101000000000000001001000000010011110000000000000000000000000000000000000000000000000 
00001010000000000000000000000001000000100000101000000000000001001100010100000010000000000000000000000000000000000000000000000000 
01001010000000000000000000000001000000100000101000000000000001001010111001000111000000000000000000000000000000000000000000000000 
00001010000000000000000000000001000000100000101000000000000001000110001010100001000000000000000000000000000000000000000000000000 
01001010000000000000000000000001000000100000101000000000000001001111000111000111000000000000000000000000000000000000000000000000 
00001010000000000000000000000001000000100000101000100000000001000010100111010011000000000000000000000000000000000000000000000000 
01001010000000000000000000000001000000100000101000000000000001000000100000110000000000000000000000000000000000000000000000000000 
00001010000000000000000000000001000000100000101000000000000001001110111110110100000000000000000000000000000000000000000000000000 
01001010000000000000000000000001000000100000101000000000000001001011000110011010000000000000000000000000000000000000000000000000 
00001010000000000000000000000001000000100000101000000000000001001010010101111001000000000000000000000000000000000000000000000000 
01001010000000000000000000000001000000100000101000000000000001001001100110001110000000000000000000000000000000000000000000000000 
00001010000000000000000000000001000000100000101000000000000001000001101010100101000000000000000000000000000000000000000000000000 
01001010000000000000000000000001000000100000101000000000000001001010111111110000000000000000000000000000000000000000000000000000 
00001010000000000000000000000001000000100000101000000000000001000111101110001001000000000000000000000000000000000000000000000000 
01001010000000000000000000000001000000100000101000000000000001001101001111111001000000000000000000000000000000000000000000000000 
00001010000000000000000000000001000000100000101000100000000001000000111101011000000000000000000000000000000000000000000000000000 
01001010000000000000000000000001000000100000101000000000000001000001001001011100000000000000000000000000000000000000000000000000 
00001010000000000000000000000001000000100000101000000000000001001111000011011011000000000000000000000000000000000000000000000000 
01001010000000000000000000000001000000100000101000000000000001001111010101101000000000000000000000000000000000000000000000000000 
00001010000000000000000000000001000000100000101000000000000001001000001111111000000000000000000000000000000000000000000000000000 
01001010000000000000000000000001000000100000101000000000000001001110010101110000000000000000000000000000000000000000000000000000 
00001010000000000000000000000001000000100000101000000000000001000000000100101111000000000000000000000000000000000000000000000000 
01001010000000000000000000000001000000100000101000000000000001001001111110111000000000000000000000000000000000000000000000000000 
00001010000000000000000000000001000000100000101000000000000001000100110000010010000000000000000000000000000000000000000000000000 
01001010000000000000000000000001000000100000101000000000000001000001100111000110000000000000000000000000000000000000000000000000 
00001010000000000000000000000001000000100000101000000000000001000101100100000010000000000000000000000000000000000000000000000000 
01001010000000000000000000000001000000100000101000000000000001000000110011001100000000000000000000000000000000000000000000000000 
00001010000000000000000000000001000000100000101000000000000001001000101010100010000000000000000000000000000000000000000000000000 
01001010000000000000000000000001000000100000101000000000000001000010101000010111000000000000000000000000000000000000000000000000 
00001010000000000000000000000001000000100000101000000000000001000101100001001101000000000000000000000000000000000000000000000000 
01001010000000000000000000000001000000100000101000000000000001001000100100101001000000000000000000000000000000000000000000000000 
00001010000000000000000000000001000000100000101000000000000001000011011001111100000000000000000000000000000000000000000000000000 
01001010000000000000000000000001000000100000101000000000000001000111010010111000000000000000000000000000000000000000000000000000 
00001010000000000000000000000001000000100000101000000000000001001001101000100110000000000000000000000000000000000000000000000000 
01001010000000000000000000000001000000100000101000000000000001001100101011110010000000000000000000000000000000000000000000000000 
00001010000000000000000000000001000000100000101000000000000001001110111001000000000000000000000000000000000000000000000000000000 
01001010000000000000000000000001000000100000101000000000000001000001001101111010000000000000000000000000000000000000000000000000 
00001010000000000000000000000001000000100000101000000000000001001001110110101000000000000000000000000000000000000000000000000000 
01001010000000000000000000000001000000100000101000000000000001000011011110001010000000000000000000000000000000000000000000000000 
00001010000000000000000000000001000000100000101000000000000001001011100011011111000000000000000000000000000000000000000000000000 
01001010000000000000000000000001000000100000101000000000000001001101101010010011000000000000000000000000000000000000000000000000 
00001010000000000000000000000001000000100000101000000000000001001101000101101111000000000000000000000000000000000000000000000000 
01001010000000000000000000000001000000100000101000000000000001001101111100100001000000000000000000000000000000000000000000000000 
00001010000000000000000000000001000000100000101000000000000001000011110000001011000000000000000000000000000000000000000000000000 
01001010000000000000000000000001000000100000101000100000000001000001101011001001000000000000000000000000000000000000000000000000 
00001010000000000000000000000001000000100000101000000000000001001011111011100011000000000000000000000000000000000000000000000000 
01001010000000000000000000000001000000100000101000000000000001000011011101111001000000000000000000000000000000000000000000000000 
00001010000000000000000000000001000000100000101000000000000001000110001010111000000000000000000000000000000000000000000000000000 
01001010000000000000000000000001000000100000101000000000000001000110000111100011000000000000000000000000000000000000000000000000 
00001010000000000000000000000001000000100000101000000000000001001011010011110110000000000000000000000000000000000000000000000000 
01001010000000000000000000000001000000100000101000000000000001000101100101111000000000000000000000000000000000000000000000000000 
00001010000000000000000000000001000000100000101000000000000001001010011010000001000000000000000000000000000000000000000000000000 
01001010000000000000000000000001000000100000101000000000000001000011100101011100000000000000000000000000000000000000000000000000 
00001010000000000000000000000001000000100000101000000000000001001101010111011101000000000000000000000000000000000000000000000000 
01001010000000000000000000000001000000100000101000000000000001001100100100101110000000000000000000000000000000000000000000000000 
00001010000000000000000000000001000000100000101000000000000001001011101110111111000000000000000000000000000000000000000000000000 
01001010000000000000000000000001000000100000101000000000000001001111011001111101000000000000000000000000000000000000000000000000 
00001010000000000000000000000001000000100000101000000000000001001011010010100010000000000000000000000000000000000000000000000000 
01001010000000000000000000000001000000100000101000100000000001001010101110000110000000000000000000000000000000000000000000000000 
00001010000000000000000000000001000000100000101000100000000001000101101000010100000000000000000000000000000000000000000000000000 
01001010000000000000000000000001000000100000101000000000000001000110111111101010000000000000000000000000000000000000000000000000 
00001010000000000000000000000001000000100000101000000000000001001000010101100101000000000000000000000000000000000000000000000000 
01001010000000000000000000000001000000100000101000000000000001001101010100101101000000000000000000000000000000000000000000000000 
00001010000000000000000000000001000000100000101000000000000001000100011011000110000000000000000000000000000000000000000000000000 
01001010000000000000000000000001000000100000101000000000000001001000001110110000000000000000000000000000000000000000000000000000 
00001010000000000000000000000001000000100000101000100000000001001010010000100111000000000000000000000000000000000000000000000000 
01001010000000000000000000000001000000100000101000100000000001001110000101010100000000000000000000000000000000000000000000000000 
00001010000000000000000000000001000000100000101000000000000001000110100001101010000000000000000000000000000000000000000000000000 
01001010000000000000000000000001000000100000101000000000000001001001011110100011000000000000000000000000000000000000000000000000 
00001010000000000000000000000001000000100000101000000000000001000111101011001110000000000000000000000000000000000000000000000000 
01001010000000000000000000000001000000100000101000000000000001000101011000111111000000000000000000000000000000000000000000000000 
00001010000000000000000000000001000000100000101000000000000001001100010100010000000000000000000000000000000000000000000000000000 
01001010000000000000000000000001000000100000101000000000000001001111000010011010000000000000000000000000000000000000000000000000 
00001010000000000000000000000001000000100000101000000000000001001010111000011001000000000000000000000000000000000000000000000000 
01001010000000000000000000000001000000100000101000000000000001001100011001001001000000000000000000000000000000000000000000000000 
00001010000000000000000000000001000000100000101000000000000001000111000001010110000000000000000000000000000000000000000000000000 
01001010000000000000000000000001000000100000101000000000000001000000101100001001000000000000000000000000000000000000000000000000 
00001010000000000000000000000001000000100000101000000000000001001000100000011001000000000000000000000000000000000000000000000000 
01001010000000000000000000000001000000100000101000000000000001001010011010000011000000000000000000000000000000000000000000000000 
