01000101000000000000000000000001000000100001110000000000011110010000000000000000000010111110000000010100110111100000010000111111
00000101000000000000000000000001000000100001110000000000011110010000000000000000000010111110000000000000000000000000000000000000
01000101000000000000000000000001000000100001110000000000111010110000000000000000000011011001010000011100101110101001100001000010
00000101000000000000000000000001000000100001110000000000111010110000000000000000000011011001010000000000000000000000000000000000
01000000000000000000000000000001000000100001110000000000001001010011000010111111100010000000010001101001011000000010001111001111
00000000000000000000000000000001000000100001110000000000001001010011000010111111100010000000010000000000000000000000000000000000
01000000000000000000000000000001000000100001110000000000011010011110111111001111010001101101100000001111001010101111101100010010
00000000000000000000000000000001000000100001110000000000011010011110111111001111010001101101100000000000000000000000000000000000
01000000000000000000000000000001000000100001110000000000000111001000011111001111011100001101010010011111000000100011111001111100
00000000000000000000000000000001000000100001110000000000000111001000011111001111011100001101010000000000000000000000000000000000
01000000000000000000000000000001000000100001110000000000110001111010010011000011101011000001100010011010011000100000111011110010
00000000000000000000000000000001000000100001110000000000110001111010010011000011101011000001100000000000000000000000000000000000
01000000000000000000000000000001000000100001110000000000110011001001111001001101110111000001110000110001101001010011101010011011
00000000000000000000000000000001000000100001110000000000110011001001111001001101110111000001110000000000000000000000000000000000
01000000000000000000000000000001000000100001110000000000010100011000110110111110011000010110110000101001100001110111000001001011
00000000000000000000000000000001000000100001110000000000010100011000110110111110011000010110110000000000000000000000000000000000
01000000000000000000000000000001000000100001110000000000101110100000001111110101010100001001100011101101001101000010001111101010
00000000000000000000000000000001000000100001110000000000101110100000001111110101010100001001100000000000000000000000000000000000
01000000000000000000000000000001000000100001110000000000010111000010000111000001010010111101100001011010000100111000000110001100
00000000000000000000000000000001000000100001110000000000010111000010000111000001010010111101100000000000000000000000000000000000
