01001010000000000000000000000001000000100000101000000000000001000011100100001101011100100000000000000000000000100000001000011100
00001010000000000000000000000001000000100000101000100000000001000100011011100010111011000000000000000000000000000000000000000000
01001010000000000000000000000001000000100000101000000000000001000101101011001110111000010000000000000000000000000000000000000001
11101010000000000000000000000001000000100000101000000000000001001111010100100100010100000000000010000000000000000000000001000000
11101010000000000000000000000001000000100000101000000000000001000011000001101100011011010000000011111111111111111111111100000000
00000001000000000000000000000001000000100000101000100000000001000100000100111000001111000000000000000000000000000000000000000000
01000001000000000000000000000001000000100000101000000000000001001100101101000001110011000000000011111111111111111100000000000000
11101010000000000000000000000001000000100000101000100000000001000100010111010101111010110000000000000000000000000000000000000000
01001010000000000000000000000001000000100000101000000000000001001000011111101100001011100000000011111111111111111100000000000000
00000001000000000000000000000001000000100000101000100000000001001111001100101110001011000000000000000000000000000000000000000000
11101010000000000000000000000001000000100000101000100000000001000001101011011101000000000000000000000000000000000000000000000000
11101010000000000000000000000001000000100000101000000000000001001001100010000110000000000111000000111111101010010011001000010010
01001010000000000000000000000001000000100000101000100000000001001100001100100011000000000000000000000000000000000000000000000000
11101010000000000000000000000001000000100000101000100000000001000111110001100100000000000000000000000000000000000000000000000000
11101010000000000000000000000001000000100000101000100000000001001101011101001001000000000000000000000000000000000000000000000000
00001010000000000000000000000001000000100000101000100000000001001100011010101010000000000000000000000000000000000000000000000000
01001010000000000000000000000001000000100000101000000000000001001111111001100001000000000001000010001001100010001000001011001110
00001010000000000000000000000001000000100000101000100000000001000001101111001110000000000000000000000000000000000000000000000000
01001010000000000000000000000001000000100000101000000000000001000011101100000100000000000101000001101010010111110010001111010001
